version https://git-lfs.github.com/spec/v1
oid sha256:0955527a52df74cab853596f3f3b7e44fe5e042580eedd5a70195aa1e0bb2cd3
size 4051
